0 0.33402777777777776 0.8379629629629629 0.03333333333333333 0.044444444444444446
0 0.15833333333333333 0.6537037037037037 0.03333333333333333 0.044444444444444446
0 0.04236111111111111 0.6925925925925925 0.041666666666666664 0.05555555555555555
0 0.3486111111111111 0.6296296296296297 0.03333333333333333 0.044444444444444446
0 0.20694444444444443 0.5231481481481481 0.029166666666666667 0.03888888888888889
0 0.20694444444444443 0.5231481481481481 0.029166666666666667 0.03888888888888889
0 0.18819444444444444 0.7777777777777778 0.03611111111111111 0.04814814814814815
0 0.4576388888888889 0.9 0.030555555555555555 0.040740740740740744
0 0.7409722222222223 0.7231481481481481 0.041666666666666664 0.05555555555555555
0 0.035416666666666666 0.7472222222222222 0.030555555555555555 0.040740740740740744
0 0.7194444444444444 0.16944444444444445 0.027777777777777776 0.037037037037037035
