0 0.33194444444444443 0.8351851851851851 0.03611111111111111 0.04814814814814815
0 0.1597222222222222 0.6564814814814814 0.034722222222222224 0.046296296296296294
0 0.04375 0.6981481481481482 0.03333333333333333 0.044444444444444446
0 0.3423611111111111 0.6370370370370371 0.025 0.03333333333333333
0 0.20555555555555555 0.5083333333333333 0.03333333333333333 0.044444444444444446
0 0.18680555555555556 0.7768518518518519 0.044444444444444446 0.05925925925925926
0 0.45694444444444443 0.9009259259259259 0.030555555555555555 0.040740740740740744
0 0.7375 0.7333333333333333 0.04027777777777778 0.053703703703703705
0 0.030555555555555555 0.7444444444444445 0.03611111111111111 0.04814814814814815
0 0.7159722222222222 0.175 0.03888888888888889 0.05185185185185185
