0 0.33541666666666664 0.8388888888888889 0.029166666666666667 0.03888888888888889
0 0.16458333333333333 0.6638888888888889 0.04027777777777778 0.053703703703703705
0 0.049305555555555554 0.6990740740740741 0.034722222222222224 0.046296296296296294
0 0.34097222222222223 0.6407407407407407 0.027777777777777776 0.037037037037037035
0 0.2111111111111111 0.5092592592592593 0.029166666666666667 0.03888888888888889
0 0.18958333333333333 0.7703703703703704 0.041666666666666664 0.05555555555555555
0 0.45694444444444443 0.9120370370370371 0.03611111111111111 0.04814814814814815
0 0.7340277777777777 0.737037037037037 0.043055555555555555 0.05740740740740741
0 0.03611111111111111 0.7472222222222222 0.034722222222222224 0.046296296296296294
0 0.7208333333333333 0.16944444444444445 0.030555555555555555 0.040740740740740744
