0 0.33402777777777776 0.837037037037037 0.03333333333333333 0.044444444444444446
0 0.17152777777777778 0.6703703703703704 0.034722222222222224 0.046296296296296294
0 0.049305555555555554 0.6944444444444444 0.03611111111111111 0.04814814814814815
0 0.3388888888888889 0.6546296296296297 0.0375 0.05
0 0.2076388888888889 0.5018518518518519 0.030555555555555555 0.040740740740740744
0 0.1909722222222222 0.775 0.041666666666666664 0.05555555555555555
0 0.46111111111111114 0.9185185185185185 0.034722222222222224 0.046296296296296294
0 0.7368055555555556 0.7351851851851852 0.041666666666666664 0.05555555555555555
0 0.027083333333333334 0.7472222222222222 0.03888888888888889 0.05185185185185185
0 0.7208333333333333 0.16018518518518518 0.03333333333333333 0.044444444444444446
