0 0.33402777777777776 0.837037037037037 0.027777777777777776 0.037037037037037035
0 0.17430555555555555 0.675 0.03888888888888889 0.05185185185185185
0 0.04722222222222222 0.6907407407407408 0.03888888888888889 0.05185185185185185
0 0.33125 0.6564814814814814 0.030555555555555555 0.040740740740740744
0 0.2076388888888889 0.5018518518518519 0.034722222222222224 0.046296296296296294
0 0.19166666666666668 0.775 0.05138888888888889 0.06851851851851852
0 0.46041666666666664 0.9148148148148149 0.03333333333333333 0.044444444444444446
0 0.7340277777777777 0.7342592592592593 0.044444444444444446 0.05925925925925926
0 0.021527777777777778 0.7462962962962963 0.0375 0.05
0 0.7243055555555555 0.1648148148148148 0.027777777777777776 0.037037037037037035
