0 0.33402777777777776 0.8342592592592593 0.034722222222222224 0.046296296296296294
0 0.18263888888888888 0.6935185185185185 0.0375 0.05
0 0.05486111111111111 0.6833333333333333 0.0375 0.05
0 0.32708333333333334 0.6638888888888889 0.03194444444444444 0.04259259259259259
0 0.20833333333333334 0.5064814814814815 0.041666666666666664 0.05555555555555555
0 0.19375 0.7768518518518519 0.04027777777777778 0.053703703703703705
0 0.4597222222222222 0.925 0.030555555555555555 0.040740740740740744
0 0.7243055555555555 0.7277777777777777 0.03888888888888889 0.05185185185185185
0 0.02013888888888889 0.7444444444444445 0.041666666666666664 0.05555555555555555
0 0.7243055555555555 0.16111111111111112 0.034722222222222224 0.046296296296296294
